15
1 0 0 5 10 20 18 25 15 10 20 15 16
2 0 1 6 55 15 40 20 45 18 50 20 40 15 50
3 2 0 4 15 22 15 11 22 41 51
4 3 3 3 11 22 50 40 17
5 2 2 5 20 40 15 15 15 15 15 15 15
6 1 10 5 10 20 18 25 15 10 20 15 16
7 1 11 6 55 15 40 20 45 18 50 20 40 15 50
8 2 4 4 15 22 15 11 22 41 51
9 3 6 3 11 22 50 40 17
10 0 7 5 20 40 15 15 15 15 15 15 15
11 1 9 5 10 20 18 25 15 10 20 15 16
12 1 12 6 55 15 40 20 45 18 50 20 40 15 50
13 0 20 4 15 22 15 11 22 41 51
14 3 13 3 11 22 50 40 17
15 2 12 5 20 40 15 15 15 15 15 15 15